[PATTERNS]
;;Name           Type       Multipliers
;;-------------- ---------- -----------
 ;
10-50Tewz HOURLY 0.20291666666666675 0.20291666666666675 0.20291666666666675 0.30437500000000006 0.6087500000000001 0.9131250000000003
10-50Tewz  1.116041666666667 1.3189583333333337 1.3189583333333337 1.4204166666666669 1.623333333333334 1.8262500000000006
10-50Tewz  2.0291666666666672 1.8262500000000006 1.4204166666666669 1.3189583333333337 1.116041666666667 1.116041666666667
10-50Tewz  1.116041666666667 1.3189583333333337 1.0145833333333336 0.7102083333333334 0.3551041666666667 0.30437500000000006
;
;
50-250Tewz HOURLY 0.4008333333333334 0.30062500000000003 0.30062500000000003 0.5010416666666667 0.7014583333333334 0.9018750000000001
50-250Tewz  1.0020833333333334 1.102291666666667 1.2025000000000001 1.3027083333333336 1.4029166666666668 1.6033333333333335
50-250Tewz  1.6534375000000001 1.6033333333333335 1.4029166666666668 1.3027083333333336 1.3027083333333336 1.2025000000000001
50-250Tewz  1.3027083333333336 1.0020833333333334 0.8016666666666667 0.7014583333333334 0.6012500000000001 0.5010416666666667
;
;
5-10Tewz HOURLY 0.0 0.0 0.10125 0.2025 0.405 1.11375
5-10Tewz  1.2149999999999999 1.11375 0.91125 0.7087499999999999 1.11375 1.72125
5-10Tewz  2.4299999999999997 2.32875 1.72125 1.4174999999999998 1.4174999999999998 1.62
5-10Tewz  1.62 1.31625 0.91125 0.50625 0.405 0.30374999999999996
;
;
0-5Tewz HOURLY 0.0 0.0 0.0 0.19999999999999998 0.5999999999999999 1.5999999999999999
0-5Tewz  1.7999999999999998 1.2999999999999998 1.0999999999999999 0.7999999999999999 0.9999999999999999 1.8999999999999997
0-5Tewz  2.9999999999999996 2.4999999999999996 1.5999999999999999 0.7999999999999999 0.6999999999999998 1.2999999999999998
0-5Tewz  1.6999999999999997 1.4999999999999998 0.39999999999999997 0.19999999999999998 0.0 0.0
;
